co2,ch4,n2o
# File Creation:  Mon Jul 11 05:00:15 2022,File Creation: Tue Jul  5 04:05:04 2022,File Creation: Tue Jul  5 04:06:03 2022
